0.2132706732688523 0.2132706732688523
0.49018286746836065 0.49018286746836065
0.6887022783143415 0.6887022783143415
0.8206652145593601 0.8206652145593601
0.05161190914757566 0.05161190914757566
0.7014588775817511 0.7014588775817511
0.24315420118923387 0.24315420118923387
0.3041903334477276 0.3041903334477276
0.6655955624347777 0.6655955624347777
0.2621021004195236 0.2621021004195236
0.18265035263795604 0.18265035263795604
0.6698846485176599 0.6698846485176599
0.11998515208606188 0.11998515208606188
0.08350830992919225 0.08350830992919225
0.26454640323292317 0.26454640323292317
0.5210637269664732 0.5210637269664732
0.8648965898824074 0.8648965898824074
0.46158522492488496 0.46158522492488496
0.6308780580049166 0.6308780580049166
0.8460593496333546 0.8460593496333546
0.7342853741043976 0.7342853741043976
0.07658441949559115 0.07658441949559115
0.8081929668513318 0.8081929668513318
0.01737906304060064 0.01737906304060064
0.9472913062662399 0.9472913062662399
0.9939417709639238 0.9939417709639238
0.7077188141279301 0.7077188141279301
0.7928828065358836 0.7928828065358836
0.10722995356525028 0.10722995356525028
0.6629327431521 0.6629327431521
0.6253633186488399 0.6253633186488399
0.31410201637472773 0.31410201637472773
0.20260118643236846 0.20260118643236846
0.9181851927077133 0.9181851927077133
0.24154614409480252 0.24154614409480252
0.10792052163803308 0.10792052163803308
0.6060806409816433 0.6060806409816433
0.9785027419614655 0.9785027419614655
0.6215350781966789 0.6215350781966789
0.08556600668156127 0.08556600668156127
0.07485589819373727 0.07485589819373727
0.4473690477024254 0.4473690477024254
0.2147736743684384 0.2147736743684384
0.5429461903194402 0.5429461903194402
0.7512988422829368 0.7512988422829368
0.3131158907697803 0.3131158907697803
0.8558897892576743 0.8558897892576743
0.16031264664065947 0.16031264664065947
0.16162094396313234 0.16162094396313234
0.9485869968693313 0.9485869968693313
0.7635189556033366 0.7635189556033366
0.0029331633760794505 0.0029331633760794505
0.21738606677359032 0.21738606677359032
0.11080185738998886 0.11080185738998886
0.5413129197862461 0.5413129197862461
0.5205874731231747 0.5205874731231747
0.21433383993668625 0.21433383993668625
0.9423004461377914 0.9423004461377914
0.1774353730538377 0.1774353730538377
0.547399163754281 0.547399163754281
0.8330520167249144 0.8330520167249144
0.9692942338266296 0.9692942338266296
0.04473004111191265 0.04473004111191265
0.30233994719185325 0.30233994719185325
0.13830411609387805 0.13830411609387805
0.10301090481226494 0.10301090481226494
0.9007206841246385 0.9007206841246385
0.3890615698167123 0.3890615698167123
0.5802060498245565 0.5802060498245565
0.6396943570923302 0.6396943570923302
0.8871068279392916 0.8871068279392916
0.795727722876293 0.795727722876293
0.9928814057892857 0.9928814057892857
0.25942807516406247 0.25942807516406247
0.53060421204502 0.53060421204502
0.8950140424846443 0.8950140424846443
0.5951338063187679 0.5951338063187679
0.027479846758322185 0.027479846758322185
0.7426086103893376 0.7426086103893376
0.44427619921418116 0.44427619921418116
0.9907830873855765 0.9907830873855765
0.3936294044725839 0.3936294044725839
0.8188596521946198 0.8188596521946198
0.5857179876874374 0.5857179876874374
0.16765676105364158 0.16765676105364158
0.1920003361791835 0.1920003361791835
0.4397770011416085 0.4397770011416085
0.8458870578018084 0.8458870578018084
0.49893473221226914 0.49893473221226914
0.6417324433923282 0.6417324433923282
0.6706284449611642 0.6706284449611642
0.13584300432130325 0.13584300432130325
0.7418045818421218 0.7418045818421218
0.34614129330933385 0.34614129330933385
0.9610256266590093 0.9610256266590093
0.7518297252435548 0.7518297252435548
0.03813392538222873 0.03813392538222873
0.2935586667693881 0.2935586667693881
0.1450921341074793 0.1450921341074793
0.37393070506580006 0.37393070506580006
0.9149746815052423 0.9149746815052423
0.8568282894782919 0.8568282894782919
0.4421358584125339 0.4421358584125339
0.06741373151889957 0.06741373151889957
0.283050265791667 0.283050265791667
0.7931377424167081 0.7931377424167081
0.4554723667714892 0.4554723667714892
0.28205853720032775 0.28205853720032775
0.43860457623913546 0.43860457623913546
0.24452273061541802 0.24452273061541802
0.17326535043178015 0.17326535043178015
0.852156799574173 0.852156799574173
0.061889186936637225 0.061889186936637225
0.7378670831553218 0.7378670831553218
0.9685266246909603 0.9685266246909603
0.9965121409711376 0.9965121409711376
0.2181718856150328 0.2181718856150328
0.18406230520867622 0.18406230520867622
0.5982756809379399 0.5982756809379399
0.3186082181802901 0.3186082181802901
0.3570643152800443 0.3570643152800443
0.879352294773114 0.879352294773114
0.20471631379525287 0.20471631379525287
0.8069449016325702 0.8069449016325702
0.31285815339575995 0.31285815339575995
0.5038205363458723 0.5038205363458723
0.31456426275204685 0.31456426275204685
0.8340297378502742 0.8340297378502742
0.3045251118846345 0.3045251118846345
0.1227348176578116 0.1227348176578116
0.8390472121640835 0.8390472121640835
0.1572183974058173 0.1572183974058173
0.9357169371274889 0.9357169371274889
0.18587487130640631 0.18587487130640631
0.07373670166198584 0.07373670166198584
0.9188827645134857 0.9188827645134857
0.19426114118825333 0.19426114118825333
0.5275323747557448 0.5275323747557448
0.6995566637017531 0.6995566637017531
0.6452343098871699 0.6452343098871699
0.4533376289562337 0.4533376289562337
0.36651095033652936 0.36651095033652936
0.7812706172389884 0.7812706172389884
0.24766880747438386 0.24766880747438386
0.47013398141209267 0.47013398141209267
0.306462344429581 0.306462344429581
0.7686582948711663 0.7686582948711663
0.022093976089255573 0.022093976089255573
0.38668590358661165 0.38668590358661165
0.3355502482823345 0.3355502482823345
0.4960113740623752 0.4960113740623752
0.6490975690042793 0.6490975690042793
0.7297091349689384 0.7297091349689384
0.8266183876005911 0.8266183876005911
0.18230156673506978 0.18230156673506978
0.1934431051750583 0.1934431051750583
0.4102632703230822 0.4102632703230822
0.5368543433650136 0.5368543433650136
0.43118061927007095 0.43118061927007095
0.1050784067908195 0.1050784067908195
0.7244241180549232 0.7244241180549232
0.6084619101981356 0.6084619101981356
0.2306441333230612 0.2306441333230612
0.21829515131565125 0.21829515131565125
0.3524432522534511 0.3524432522534511
0.5679887379973526 0.5679887379973526
0.9537039241915941 0.9537039241915941
0.7520650506720081 0.7520650506720081
0.3595884606495262 0.3595884606495262
0.32666251111842615 0.32666251111842615
0.35737948326458 0.35737948326458
0.3097036720572065 0.3097036720572065
0.19547138624887064 0.19547138624887064
0.18039094837548414 0.18039094837548414
0.5840426947563051 0.5840426947563051
0.8797108859021858 0.8797108859021858
0.6945517961073252 0.6945517961073252
0.8097618030410209 0.8097618030410209
0.1600731189724123 0.1600731189724123
0.8345942387292427 0.8345942387292427
0.07546522296383973 0.07546522296383973
0.27953859407063963 0.27953859407063963
0.997034619452168 0.997034619452168
0.9318774907025444 0.9318774907025444
0.94219959238274 0.94219959238274
0.03966914365356735 0.03966914365356735
0.39033064623444297 0.39033064623444297
0.31342825726112017 0.31342825726112017
0.2824143268362037 0.2824143268362037
0.9246132188456447 0.9246132188456447
0.020717042183483796 0.020717042183483796
0.5061303674858699 0.5061303674858699
0.46928933121353683 0.46928933121353683
0.15283826279406923 0.15283826279406923
0.953461595030151 0.953461595030151
0.42104341614080304 0.42104341614080304
0.26001218649540203 0.26001218649540203
0.3283322010631667 0.3283322010631667
0.637839768596662 0.637839768596662
0.3540751220400473 0.3540751220400473
0.7967866873043332 0.7967866873043332
0.43909063530861947 0.43909063530861947
0.9084794195306098 0.9084794195306098
0.9858132384560971 0.9858132384560971
0.6059923939459732 0.6059923939459732
0.8579572912362289 0.8579572912362289
0.9841841701626968 0.9841841701626968
0.3810212843445556 0.3810212843445556
0.5990250803678361 0.5990250803678361
0.3421197498266576 0.3421197498266576
0.4684376772819913 0.4684376772819913
0.9898151714864023 0.9898151714864023
0.0716243757922973 0.0716243757922973
0.0337818057024394 0.0337818057024394
0.34957172172768086 0.34957172172768086
0.6461503981622204 0.6461503981622204
0.7045461230836035 0.7045461230836035
0.459659198352722 0.459659198352722
0.00026193961381416295 0.00026193961381416295
0.5691667658862174 0.5691667658862174
0.5625538411973582 0.5625538411973582
0.5308115225415146 0.5308115225415146
0.17803209110455873 0.17803209110455873
0.3623479314474615 0.3623479314474615
0.09542726273103565 0.09542726273103565
0.5431464970829452 0.5431464970829452
0.024749791638943558 0.024749791638943558
0.013857586093387777 0.013857586093387777
0.13762615474047668 0.13762615474047668
0.1770837856577556 0.1770837856577556
0.06713078070611636 0.06713078070611636
0.8967075451215498 0.8967075451215498
0.908122229148136 0.908122229148136
0.4978911759968063 0.4978911759968063
0.21640274266183876 0.21640274266183876
0.7679172999208578 0.7679172999208578
0.010062963559577255 0.010062963559577255
0.9551803111058194 0.9551803111058194
0.7684733963202387 0.7684733963202387
0.7696906451138457 0.7696906451138457
0.43211631799749267 0.43211631799749267
0.38307477885713087 0.38307477885713087
0.4035943157703056 0.4035943157703056
0.4285752305979087 0.4285752305979087
0.5467898389841785 0.5467898389841785
0.0007143807649477172 0.0007143807649477172
0.18703328874289996 0.18703328874289996
0.6559668303205609 0.6559668303205609
0.11143919709205007 0.11143919709205007
0.41175086321009097 0.41175086321009097
0.5685700478354964 0.5685700478354964
0.7476050735041777 0.7476050735041777
0.26826818694364096 0.26826818694364096
0.6041798278482431 0.6041798278482431
0.3823281809204306 0.3823281809204306
0.3839096238295011 0.3839096238295011
0.5438244584363465 0.5438244584363465
0.9508450003852054 0.9508450003852054
0.8474474895119098 0.8474474895119098
0.6301482690273916 0.6301482690273916
0.8493356959259285 0.8493356959259285
0.20893396180164028 0.20893396180164028
0.5672435408072503 0.5672435408072503
0.9359326521035712 0.9359326521035712
0.48054152863476235 0.48054152863476235
0.5208185963118342 0.5208185963118342
0.5300481156456391 0.5300481156456391
0.1353863609303759 0.1353863609303759
0.11802970983534224 0.11802970983534224
0.41287846422143004 0.41287846422143004
0.10853685014112521 0.10853685014112521
0.44781728661376513 0.44781728661376513
0.8270680272585288 0.8270680272585288
0.7965093394779418 0.7965093394779418
0.06023350445787605 0.06023350445787605
0.4765409963510551 0.4765409963510551
0.056931944726539244 0.056931944726539244
0.9674508513037449 0.9674508513037449
0.527173783626673 0.527173783626673
0.2097211813896807 0.2097211813896807
0.6424174084787192 0.6424174084787192
0.6061226633795813 0.6061226633795813
0.03573724795315903 0.03573724795315903
0.02020156743544309 0.02020156743544309
0.8021599512540184 0.8021599512540184
0.7777925634363115 0.7777925634363115
0.4974877609766005 0.4974877609766005
0.6655059146525097 0.6655059146525097
0.1396432298415055 0.1396432298415055
0.9320721944796576 0.9320721944796576
0.20799686232762063 0.20799686232762063
0.2873337488881574 0.2873337488881574
0.6433671146721203 0.6433671146721203
0.9032532339737079 0.9032532339737079
0.848020394870466 0.848020394870466
0.412568899223286 0.412568899223286
0.685839152268159 0.685839152268159
0.9103073938409172 0.9103073938409172
0.48232187756073985 0.48232187756073985
0.9524390500136573 0.9524390500136573
0.024415013202036685 0.024415013202036685
0.5567183308703539 0.5567183308703539
0.5608491325876692 0.5608491325876692
0.20251574088989432 0.20251574088989432
0.8014665816880397 0.8014665816880397
0.8308178259012053 0.8308178259012053
0.9178938374153424 0.9178938374153424
0.8437229043079961 0.8437229043079961
0.5432053284400585 0.5432053284400585
0.10511342545576792 0.10511342545576792
0.7722596143744616 0.7722596143744616
0.9408240592235662 0.9408240592235662
0.16102702740560718 0.16102702740560718
0.13729697928996154 0.13729697928996154
0.7275982098458479 0.7275982098458479
0.9435989382340788 0.9435989382340788
0.9510074869905659 0.9510074869905659
0.06923610284281521 0.06923610284281521
0.772073315076936 0.772073315076936
0.6863392188036224 0.6863392188036224
0.593230191692172 0.593230191692172
0.42764653560347665 0.42764653560347665
0.2783605661817749 0.2783605661817749
0.38801661285465155 0.38801661285465155
0.1529629292412856 0.1529629292412856
0.12358787233595507 0.12358787233595507
0.003983723324531976 0.003983723324531976
0.6522828667679873 0.6522828667679873
0.07998543223538146 0.07998543223538146
0.4531359214461308 0.4531359214461308
0.09097849153598868 0.09097849153598868
0.4671335821993122 0.4671335821993122
0.20858937813854786 0.20858937813854786
0.09654225702299325 0.09654225702299325
0.06589252071354032 0.06589252071354032
0.2054124848544274 0.2054124848544274
0.7577464788732394 0.7577464788732394
0.11907466679740301 0.11907466679740301
0.8401215848047009 0.8401215848047009
0.6246433348975003 0.6246433348975003
0.3307723016367724 0.3307723016367724
0.9705128833668345 0.9705128833668345
0.7092372234400935 0.7092372234400935
0.8666937477675601 0.8666937477675601
0.9161667168600864 0.9161667168600864
0.48481240501187134 0.48481240501187134
0.35382718989221257 0.35382718989221257
0.458111373362002 0.458111373362002
0.8864372710654779 0.8864372710654779
0.8812811228384729 0.8812811228384729
0.8391592718919184 0.8391592718919184
0.31029198562833993 0.31029198562833993
0.9991077244171144 0.9991077244171144
0.7632346040439554 0.7632346040439554
0.6146770228531807 0.6146770228531807
0.7191433033807019 0.7191433033807019
0.3960456923540247 0.3960456923540247
0.11883653987575378 0.11883653987575378
0.5148402098318404 0.5148402098318404
0.3649169007080774 0.3649169007080774
0.6041350039571092 0.6041350039571092
0.32109874563142154 0.32109874563142154
0.7586205447503519 0.7586205447503519
0.3128805653413269 0.3128805653413269
0.5344352539903768 0.5344352539903768
0.12720880229162143 0.12720880229162143
0.949501684397784 0.949501684397784
0.01264594028617253 0.01264594028617253
0.48285416126795583 0.48285416126795583
0.6793705044788872 0.6793705044788872
0.07547923042981909 0.07547923042981909
0.298672792598455 0.298672792598455
0.12981138947058782 0.12981138947058782
0.5039634124988619 0.5039634124988619
0.5097330877357632 0.5097330877357632
0.38976474460887656 0.38976474460887656
0.5405747263291334 0.5405747263291334
0.5123833002990594 0.5123833002990594
0.009282747704526513 0.009282747704526513
0.8895735426982582 0.8895735426982582
0.16458772525756227 0.16458772525756227
0.00036979710185528885 0.00036979710185528885
0.7165000945503953 0.7165000945503953
0.7860947885222824 0.7860947885222824
0.8364782429034675 0.8364782429034675
0.6486787457714962 0.6486787457714962
0.15759659898726022 0.15759659898726022
0.4521722077867503 0.4521722077867503
0.7748818120057991 0.7748818120057991
0.5220736652635855 0.5220736652635855
0.2441361245543875 0.2441361245543875
0.6453295606558296 0.6453295606558296
0.5834501789453779 0.5834501789453779
0.07033428817559759 0.07033428817559759
0.2718583004741527 0.2718583004741527
0.5074344625685491 0.5074344625685491
0.25034703496963884 0.25034703496963884
0.12792038156337326 0.12792038156337326
0.9213508800190502 0.9213508800190502
0.5652026530140565 0.5652026530140565
0.14841610578438308 0.14841610578438308
0.9138036573493672 0.9138036573493672
0.25737738214468314 0.25737738214468314
0.7298618163481135 0.7298618163481135
0.03501306196202576 0.03501306196202576
0.031131593139143165 0.031131593139143165
0.7300537186320308 0.7300537186320308
0.2971515817930957 0.2971515817930957
0.05217360853334827 0.05217360853334827
0.46857214895539323 0.46857214895539323
0.17333538776167698 0.17333538776167698
0.9478277922132496 0.9478277922132496
0.7266134849874983 0.7266134849874983
0.5986328713204138 0.5986328713204138
0.8065302806395809 0.8065302806395809
0.7466539665641787 0.7466539665641787
0.9693922860884852 0.9693922860884852
0.17866943080661993 0.17866943080661993
0.23278587487130642 0.23278587487130642
0.1434098374433573 0.1434098374433573
0.07624964105868427 0.07624964105868427
0.3508856220365455 0.3508856220365455
0.4406020408877932 0.4406020408877932
0.9727232614983786 0.9727232614983786
0.7281094823540948 0.7281094823540948
0.6418290949075858 0.6418290949075858
0.8026544148030901 0.8026544148030901
0.45306168187644014 0.45306168187644014
0.9897353289303199 0.9897353289303199
0.9627275337755024 0.9627275337755024
0.07613057759785966 0.07613057759785966
0.1882449345501152 0.1882449345501152
0.3107388237930817 0.3107388237930817
0.6093205678626709 0.6093205678626709
0.4034024134863882 0.4034024134863882
0.16643671076683872 0.16643671076683872
0.5257478235899734 0.5257478235899734
0.2621959504415854 0.2621959504415854
0.31084948277431873 0.31084948277431873
0.7604807362324119 0.7604807362324119
0.8535659506516974 0.8535659506516974
0.9866214692431066 0.9866214692431066
0.7098675594091651 0.7098675594091651
0.7275645919274973 0.7275645919274973
0.897676861767322 0.897676861767322
0.2318725880894517 0.2318725880894517
0.8961962726133029 0.8961962726133029
0.20972398288287658 0.20972398288287658
0.6462442481842823 0.6462442481842823
0.8327452532199663 0.8327452532199663
0.550255286067474 0.550255286067474
0.7338427381794497 0.7338427381794497
0.47211183560837927 0.47211183560837927
0.007706907781847725 0.007706907781847725
0.7373123875025388 0.7373123875025388
0.2108123629894734 0.2108123629894734
0.13263529461202822 0.13263529461202822
0.3607454773394219 0.3607454773394219
0.9069792199242196 0.9069792199242196
0.9368767553105806 0.9368767553105806
0.7700184198177629 0.7700184198177629
0.8798565635483713 0.8798565635483713
0.8935474607966046 0.8935474607966046
0.5921193996400081 0.5921193996400081
0.9106407715312261 0.9106407715312261
0.9377158025227447 0.9377158025227447
0.9159888220421485 0.9159888220421485
0.2418080837086167 0.2418080837086167
0.46573003410817965 0.46573003410817965
0.29167886483495703 0.29167886483495703
0.5777869604499198 0.5777869604499198
0.3357225401138807 0.3357225401138807
0.7313620159545038 0.7313620159545038
0.08394954510754232 0.08394954510754232
0.867273656859106 0.867273656859106
0.7081544463198886 0.7081544463198886
0.38778829115918784 0.38778829115918784
0.8412435828296482 0.8412435828296482
0.15695645779200315 0.15695645779200315
0.5779074246573424 0.5779074246573424
0.5002766474530925 0.5002766474530925
0.4744524831735315 0.4744524831735315
0.20452721300453142 0.20452721300453142
0.5486332215070633 0.5486332215070633
0.5184387278419398 0.5184387278419398
0.2796520545450725 0.2796520545450725
0.15185353793571973 0.15185353793571973
0.6084955281164861 0.6084955281164861
0.276566209789818 0.276566209789818
0.9374300502167655 0.9374300502167655
0.5256511720747158 0.5256511720747158
0.13016998059965962 0.13016998059965962
0.9937988948109342 0.9937988948109342
0.5125499891442139 0.5125499891442139
0.23697971018552888 0.23697971018552888
0.8713484287125037 0.8713484287125037
0.2732842605108523 0.2732842605108523
0.4549596935166444 0.4549596935166444
0.5819149606740392 0.5819149606740392
0.9737303983022951 0.9737303983022951
0.10352217732051183 0.10352217732051183
0.5989508407981454 0.5989508407981454
0.24070849762923638 0.24070849762923638
0.9640316288581814 0.9640316288581814
0.857356370945714 0.857356370945714
0.16332705331941924 0.16332705331941924
0.2786281087819808 0.2786281087819808
0.7534798047359242 0.7534798047359242
0.29180633277536927 0.29180633277536927
0.7519081670530393 0.7519081670530393
0.14528543713799455 0.14528543713799455
0.6379826447496516 0.6379826447496516
0.5492439470237637 0.5492439470237637
0.35252169406293554 0.35252169406293554
0.6751402497531184 0.6751402497531184
0.2979598125801052 0.2979598125801052
0.15604877399654016 0.15604877399654016
0.3381794496466617 0.3381794496466617
0.08682807936630224 0.08682807936630224
0.7986790959581457 0.7986790959581457
0.023616587641212765 0.023616587641212765
0.46623710437663274 0.46623710437663274
0.9843368515418718 0.9843368515418718
0.5895840482977427 0.5895840482977427
0.44785510677190943 0.44785510677190943
0.8787303632836302 0.8787303632836302
0.35532598875200483 0.35532598875200483
0.505134436654737 0.505134436654737
0.10901590547761957 0.10901590547761957
0.10203878667329687 0.10203878667329687
0.5729753958860072 0.5729753958860072
0.7643019729515832 0.7643019729515832
0.07236677148920374 0.07236677148920374
0.04772623808489925 0.04772623808489925
0.3944726539245418 0.3944726539245418
0.9705703139773499 0.9705703139773499
0.7876874374041364 0.7876874374041364
0.011532346740812853 0.011532346740812853
0.9620215574901423 0.9620215574901423
0.11193506138771965 0.11193506138771965
0.0889334015030011 0.0889334015030011
0.674044865913532 0.674044865913532
0.8020016668884515 0.8020016668884515
0.5615761200719984 0.5615761200719984
0.1954125548917573 0.1954125548917573
0.10002731455865976 0.10002731455865976
0.8258087560669837 0.8258087560669837
0.07651298141909638 0.07651298141909638
0.7106085543594736 0.7106085543594736
0.7395956044571756 0.7395956044571756
0.32918245424811426 0.32918245424811426
0.7991175296432999 0.7991175296432999
0.6225170015618324 0.6225170015618324
0.4267052338896632 0.4267052338896632
0.9928786042960898 0.9928786042960898
0.2556012354584994 0.2556012354584994
0.3039816222046351 0.3039816222046351
0.3804960043703294 0.3804960043703294
0.8816607251665137 0.8816607251665137
0.3575279624039613 0.3575279624039613
0.5125261764520489 0.5125261764520489
0.20445157268824282 0.20445157268824282
0.4453085494568605 0.4453085494568605
0.4006373397020612 0.4006373397020612
0.39001827974310305 0.39001827974310305
0.8869037196825909 0.8869037196825909
0.5182818442229709 0.5182818442229709
0.06534903103354088 0.06534903103354088
0.46317367156694517 0.46317367156694517
0.8003599918756698 0.8003599918756698
0.31938423179554704 0.31938423179554704
0.4169308241292609 0.4169308241292609
0.6432200362793369 0.6432200362793369
0.702344149431647 0.702344149431647
0.45226745855541 0.45226745855541
0.9049943619949433 0.9049943619949433
0.2258970031026537 0.2258970031026537
0.7348918973813042 0.7348918973813042
0.9050952157499947 0.9050952157499947
0.36366323250292404 0.36366323250292404
0.8919604149011423 0.8919604149011423
0.4245508856220365 0.4245508856220365
0.05037504990159755 0.05037504990159755
0.012077237167410229 0.012077237167410229
0.706173790630406 0.706173790630406
0.682716888101358 0.682716888101358
0.6459669003578907 0.6459669003578907
0.45388812236922277 0.45388812236922277
0.11831686288791926 0.11831686288791926
0.8051295340416442 0.8051295340416442
0.8335702929661509 0.8335702929661509
0.6770914897640442 0.6770914897640442
0.9630174883212752 0.9630174883212752
0.4722084871236369 0.4722084871236369
0.13973287762377348 0.13973287762377348
0.054362975465923336 0.054362975465923336
0.4587431100776714 0.4587431100776714
0.7492215350781967 0.7492215350781967
0.47601851787002475 0.47601851787002475
0.34339442923078 0.34339442923078
0.2093135641296811 0.2093135641296811
0.08561223131929319 0.08561223131929319
0.13799875333552783 0.13799875333552783
0.6860534664976432 0.6860534664976432
0.20289254172473928 0.20289254172473928
0.3160084324945196 0.3160084324945196
0.8064294268845295 0.8064294268845295
0.6088877371639083 0.6088877371639083
0.8123237685686471 0.8123237685686471
0.6592137609345782 0.6592137609345782
0.5460740574726329 0.5460740574726329
0.023124925585336985 0.023124925585336985
0.7947948256420673 0.7947948256420673
0.7187118734285374 0.7187118734285374
0.806880467289065 0.806880467289065
0.22484084016780945 0.22484084016780945
0.2923414179757811 0.2923414179757811
0.4826664612238323 0.4826664612238323
0.42297224420616186 0.42297224420616186
0.8944551445920675 0.8944551445920675
0.8318473746506888 0.8318473746506888
0.323921250026264 0.323921250026264
0.6134891897381304 0.6134891897381304
0.09673135781371471 0.09673135781371471
0.3242042008390472 0.3242042008390472
1.0 1.0
0.9819149606740393 0.9819149606740393
0.2817853916137301 0.2817853916137301
0.06548770494673661 0.06548770494673661
0.6526022369923169 0.6526022369923169
0.5162451586695709 0.5162451586695709
0.28374083386444976 0.28374083386444976
0.7362856402462512 0.7362856402462512
0.8086117900841149 0.8086117900841149
0.5894915990222789 0.5894915990222789
0.3215693964883283 0.3215693964883283
0.4013615256931945 0.4013615256931945
0.379088254039403 0.379088254039403
0.9590099523045783 0.9590099523045783
0.9989228258661866 0.9989228258661866
0.5106631834767932 0.5106631834767932
0.6601074372640617 0.6601074372640617
0.7666678339554983 0.7666678339554983
0.303628634061955 0.303628634061955
0.8984822910611356 0.8984822910611356
0.3319209138470805 0.3319209138470805
0.5391809834641864 0.5391809834641864
0.6088667259649393 0.6088667259649393
0.7836224707769242 0.7836224707769242
0.4597964715193198 0.4597964715193198
0.18777708518640435 0.18777708518640435
0.6718246825558022 0.6718246825558022
0.7697354690049797 0.7697354690049797
0.4933457532865017 0.4933457532865017
0.008363857936280037 0.008363857936280037
0.6345382088653252 0.6345382088653252
0.8449849769927371 0.8449849769927371
0.2668604366127146 0.2668604366127146
0.6815290549863077 0.6815290549863077
0.02355495479090355 0.02355495479090355
0.38204663085424534 0.38204663085424534
0.9994803230121655 0.9994803230121655
0.27203619529209067 0.27203619529209067
0.7504387838718036 0.7504387838718036
0.1384441907536717 0.1384441907536717
0.2943528900904182 0.2943528900904182
0.22983310104285584 0.22983310104285584
0.11059314614689629 0.11059314614689629
0.2562133617217977 0.2562133617217977
0.1399780082784124 0.1399780082784124
0.38921144970269156 0.38921144970269156
0.7849419740721805 0.7849419740721805
0.2619017936560187 0.2619017936560187
0.9091994032819493 0.9091994032819493
0.9691429531940524 0.9691429531940524
0.8382487866032595 0.8382487866032595
0.06673717091209615 0.06673717091209615
0.35903656648993915 0.35903656648993915
0.5729431787142547 0.5729431787142547
0.720293316337608 0.720293316337608
0.9667953018959106 0.9667953018959106
0.6318613821166682 0.6318613821166682
0.18894390710248563 0.18894390710248563
0.26536724073931406 0.26536724073931406
0.6421596711046988 0.6421596711046988
0.25405341046777935 0.25405341046777935
0.1899888640645464 0.1899888640645464
0.6926103613225849 0.6926103613225849
0.15809806626932155 0.15809806626932155
0.1370084254907866 0.1370084254907866
0.3334337201728521 0.3334337201728521
0.6053382452847368 0.6053382452847368
0.9645583095790056 0.9645583095790056
0.5766341459998179 0.5766341459998179
0.7613141804581842 0.7613141804581842
0.9918826734649568 0.9918826734649568
0.8954958993143345 0.8954958993143345
0.2531821460838627 0.2531821460838627
9.805226185556902e-06 9.805226185556902e-06
0.2247511923855415 0.2247511923855415
0.169882547397763 0.169882547397763
0.23192021347378153 0.23192021347378153
0.961252547607875 0.961252547607875
0.061635651802410686 0.061635651802410686
0.3915380898018644 0.3915380898018644
0.9626280807670489 0.9626280807670489
0.9404458576421233 0.9404458576421233
0.6445717567463458 0.6445717567463458
0.5484581281823212 0.5484581281823212
0.2792612462442482 0.2792612462442482
0.6181774886014245 0.6181774886014245
0.4999390675229898 0.4999390675229898
0.013318298653182147 0.013318298653182147
0.40112760101133904 0.40112760101133904
0.059547138624887065 0.059547138624887065
0.5391333580798565 0.5391333580798565
0.5438104509703672 0.5438104509703672
0.93171080185739 0.93171080185739
0.7145026299017376 0.7145026299017376
0.05789425763932176 0.05789425763932176
0.28163411098115293 0.28163411098115293
0.8590064504380835 0.8590064504380835
0.4169994607125598 0.4169994607125598
0.736977609065632 0.736977609065632
0.7536731077664395 0.7536731077664395
0.5558582724592208 0.5558582724592208
0.3861774325715606 0.3861774325715606
0.6411469313143906 0.6411469313143906
0.8709870360902361 0.8709870360902361
0.7797900280849693 0.7797900280849693
0.22552020226780875 0.22552020226780875
0.22018195698307197 0.22018195698307197
0.9294836147666706 0.9294836147666706
0.672669332754358 0.672669332754358
0.9233595506404914 0.9233595506404914
0.308542453127517 0.308542453127517
0.609582507476485 0.609582507476485
0.7612119259565349 0.7612119259565349
0.852203024211905 0.852203024211905
0.1250320420784278 0.1250320420784278
0.9765515019505396 0.9765515019505396
0.9566454920472612 0.9566454920472612
0.769574383146217 0.769574383146217
0.27330247021662546 0.27330247021662546
0.4798341516028043 0.4798341516028043
0.5547096602489127 0.5547096602489127
0.8175093324742088 0.8175093324742088
0.7415174287895449 0.7415174287895449
0.9540583130808721 0.9540583130808721
0.23599218383398352 0.23599218383398352
0.5225555220932757 0.5225555220932757
0.9023525539112347 0.9023525539112347
0.617859519123693 0.617859519123693
0.06559276094158187 0.06559276094158187
0.7961087259509319 0.7961087259509319
0.5131635161541102 0.5131635161541102
0.07488951611208775 0.07488951611208775
0.4932911241691822 0.4932911241691822
0.9339085732695527 0.9339085732695527
0.716154110140705 0.716154110140705
0.3134800848852438 0.3134800848852438
0.3532108613891204 0.3532108613891204
0.61637472772988 0.61637472772988
0.03770389617666216 0.03770389617666216
0.70630686155721 0.70630686155721
0.8644917741156036 0.8644917741156036
0.9087749770627744 0.9087749770627744
0.38937673780124804 0.38937673780124804
0.01055742710864891 0.01055742710864891
0.630449429545948 0.630449429545948
0.2605528746822056 0.2605528746822056
0.06674417464508584 0.06674417464508584
0.3686036657538468 0.3686036657538468
0.6394156085193408 0.6394156085193408
0.5063362772357667 0.5063362772357667
0.7505620495724221 0.7505620495724221
0.30682513779844656 0.30682513779844656
0.26406594714983084 0.26406594714983084
0.8649288070541599 0.8649288070541599
0.5055938815388602 0.5055938815388602
0.7366176171899622 0.7366176171899622
0.26192420560158564 0.26192420560158564
0.9398141209264538 0.9398141209264538
0.781787492733627 0.781787492733627
0.9537207331507693 0.9537207331507693
0.7750260889053866 0.7750260889053866
0.7191559101000834 0.7191559101000834
0.4132664710290585 0.4132664710290585
0.6385541493616097 0.6385541493616097
0.32975115736687655 0.32975115736687655
0.5757979002808497 0.5757979002808497
0.6191706179393617 0.6191706179393617
0.856385653553344 0.856385653553344
0.837663274525322 0.837663274525322
0.2670957620411679 0.2670957620411679
0.0028155006618527673 0.0028155006618527673
0.05665879913994159 0.05665879913994159
0.5943339800113461 0.5943339800113461
0.9352532900035719 0.9352532900035719
0.5527009896274715 0.5527009896274715
0.07400144276899588 0.07400144276899588
0.2803510270974429 0.2803510270974429
0.10648195488195208 0.10648195488195208
0.6413346313585141 0.6413346313585141
0.12721720677120907 0.12721720677120907
0.9609822035144732 0.9609822035144732
0.6925137098073273 0.6925137098073273
0.026072096427395802 0.026072096427395802
0.8199578375274021 0.8199578375274021
0.08550297308465413 0.08550297308465413
0.9889200944103207 0.9889200944103207
0.8492852690484028 0.8492852690484028
0.14005084710150512 0.14005084710150512
0.4887092820473312 0.4887092820473312
0.6761207723716741 0.6761207723716741
0.6371856199354256 0.6371856199354256
0.46067614038282406 0.46067614038282406
0.3892366631414544 0.3892366631414544
0.8193835314222481 0.8193835314222481
0.3011689230359782 0.3011689230359782
0.5390212983520216 0.5390212983520216
0.3907368627478446 0.3907368627478446
0.8683200145677646 0.8683200145677646
0.1371428971641885 0.1371428971641885
0.5171220260398792 0.5171220260398792
0.4813735721139367 0.4813735721139367
0.6572218992723121 0.6572218992723121
0.8256952955925508 0.8256952955925508
0.9216940629355447 0.9216940629355447
0.03382242735377956 0.03382242735377956
0.4050608974583453 0.4050608974583453
0.4315896372766685 0.4315896372766685
0.663797003803027 0.663797003803027
0.805775278223293 0.805775278223293
0.7154887555066851 0.7154887555066851
0.4047737444057683 0.4047737444057683
0.03933856745645429 0.03933856745645429
0.9389316505697537 0.9389316505697537
0.576501075073014 0.576501075073014
0.5795392944439386 0.5795392944439386
0.7290745967600731 0.7290745967600731
0.9600072838823093 0.9600072838823093
0.3609415818631331 0.3609415818631331
0.17468990972188175 0.17468990972188175
0.7977686106694868 0.7977686106694868
0.7802298625167214 0.7802298625167214
0.8263340360412099 0.8263340360412099
0.7940454262121711 0.7940454262121711
0.6952003417821699 0.6952003417821699
0.695507105287118 0.695507105287118
0.11437796345452125 0.11437796345452125
0.42543335597873666 0.42543335597873666
0.25566146756221064 0.25566146756221064
0.38625867587424095 0.38625867587424095
0.7521252827757194 0.7521252827757194
0.4418655143191321 0.4418655143191321
0.6982917895238162 0.6982917895238162
0.9177523620089507 0.9177523620089507
0.6504674991770614 0.6504674991770614
0.6006975718057724 0.6006975718057724
0.6264068748643027 0.6264068748643027
0.739431717105217 0.739431717105217
0.10531233147267494 0.10531233147267494
0.04379714387768681 0.04379714387768681
0.028170414831104978 0.028170414831104978
0.6857565082188807 0.6857565082188807
0.7974156225268068 0.7974156225268068
0.2980480596157752 0.2980480596157752
0.2765942247217767 0.2765942247217767
0.9756984472723962 0.9756984472723962
0.7915408912950602 0.7915408912950602
0.2745099137840469 0.2745099137840469
0.12886588551698056 0.12886588551698056
0.2125731014630798 0.2125731014630798
0.5374678703749098 0.5374678703749098
0.2690904251966298 0.2690904251966298
0.7271891918392503 0.7271891918392503
0.38488034122187126 0.38488034122187126
0.8696563268221962 0.8696563268221962
0.9623773471260182 0.9623773471260182
0.5979437039942289 0.5979437039942289
0.8652958026628192 0.8652958026628192
0.0067417933758693385 0.0067417933758693385
0.4191341985278153 0.4191341985278153
0.6525251959294304 0.6525251959294304
0.4110070667665866 0.4110070667665866
0.552712195600255 0.552712195600255
0.08930880159124814 0.08930880159124814
0.18667329686723022 0.18667329686723022
0.164217928155707 0.164217928155707
0.4953950455592831 0.4953950455592831
0.8073609233721574 0.8073609233721574
0.8811438496718751 0.8811438496718751
0.6516441263193282 0.6516441263193282
0.20763406895875502 0.20763406895875502
0.7919260966094929 0.7919260966094929
0.8007003732989684 0.8007003732989684
0.7843452560214594 0.7843452560214594
0.4469530259628382 0.4469530259628382
0.6466560676840756 0.6466560676840756
0.3951226003459844 0.3951226003459844
0.8582290360762286 0.8582290360762286
0.3552195320105616 0.3552195320105616
0.3597145278433405 0.3597145278433405
0.4988702978687641 0.4988702978687641
0.5537151301643776 0.5537151301643776
0.45914932659107305 0.45914932659107305
0.30394520279308873 0.30394520279308873
0.3307470881980095 0.3307470881980095
0.9360713260167669 0.9360713260167669
0.6699700940601341 0.6699700940601341
0.23670376310573535 0.23670376310573535
0.49440471771454186 0.49440471771454186
0.4547411770473662 0.4547411770473662
0.28342146364012016 0.28342146364012016
0.30002591381206184 0.30002591381206184
0.9780068776657959 0.9780068776657959
0.9443525399037687 0.9443525399037687
0.9802592781952781 0.9802592781952781
0.020459304809463445 0.020459304809463445
0.154061114574068 0.154061114574068
0.6235409473249242 0.6235409473249242
0.8252470566812111 0.8252470566812111
0.30939971004545425 0.30939971004545425
0.7804273677870305 0.7804273677870305
0.09595814569165365 0.09595814569165365
0.26816453169539367 0.26816453169539367
0.46258675874240973 0.46258675874240973
0.99880516315196 0.99880516315196
0.3499359158431444 0.3499359158431444
0.14347147029366653 0.14347147029366653
0.1604401145810717 0.1604401145810717
0.3357421505662518 0.3357421505662518
0.7581498938934452 0.7581498938934452
0.6701395843984844 0.6701395843984844
0.4682275652923008 0.4682275652923008
0.7028021935691724 0.7028021935691724
0.07778766082321878 0.07778766082321878
0.4514844412071634 0.4514844412071634
0.835560753881819 0.835560753881819
0.39555683179134477 0.39555683179134477
0.4512211008467513 0.4512211008467513
0.47583782155889087 0.47583782155889087
0.0965632682219623 0.0965632682219623
0.0945938185052633 0.0945938185052633
0.40482977426968575 0.40482977426968575
0.11587536156771559 0.11587536156771559
0.47054299941869016 0.47054299941869016
0.8651809414417885 0.8651809414417885
0.8500094550395361 0.8500094550395361
0.12912082139780504 0.12912082139780504
0.5608155146693188 0.5608155146693188
0.15659366442313752 0.15659366442313752
0.08233168278692543 0.08233168278692543
0.6576099060799406 0.6576099060799406
0.35554450522128295 0.35554450522128295
0.803627933688656 0.803627933688656
0.7827203899678529 0.7827203899678529
0.22772217591976524 0.22772217591976524
0.22757369678038394 0.22757369678038394
0.024751192385541493 0.024751192385541493
0.015771005946169307 0.015771005946169307
0.7510214944565453 0.7510214944565453
0.9344268495107892 0.9344268495107892
0.4239513660781196 0.4239513660781196
0.23159944250285402 0.23159944250285402
0.523079401320904 0.523079401320904
0.6178034892597755 0.6178034892597755
0.989224056422073 0.989224056422073
0.264329287510243 0.264329287510243
0.22448364978533558 0.22448364978533558
0.8045874451082426 0.8045874451082426
0.09307680993969786 0.09307680993969786
0.3329322528907908 0.3329322528907908
0.9205020275807005 0.9205020275807005
0.4058383118202002 0.4058383118202002
0.4933695659786666 0.4933695659786666
0.04089199543356609 0.04089199543356609
0.06040999852921607 0.06040999852921607
0.7176318978015283 0.7176318978015283
0.33180185038625587 0.33180185038625587
0.3765402959777561 0.3765402959777561
0.47900350887022786 0.47900350887022786
0.4202197771412163 0.4202197771412163
0.13508940265161332 0.13508940265161332
0.7125527906374097 0.7125527906374097
0.39491809134268563 0.39491809134268563
0.5788697375701248 0.5788697375701248
0.814627996722253 0.814627996722253
0.8062851499849419 0.8062851499849419
0.4118054923274105 0.4118054923274105
0.6431934220939761 0.6431934220939761
0.6659891722287979 0.6659891722287979
0.7997730790511343 0.7997730790511343
0.5178294030718373 0.5178294030718373
0.44748250817685825 0.44748250817685825
0.3697606824437425 0.3697606824437425
0.21956422773338188 0.21956422773338188
0.08566545969001478 0.08566545969001478
0.21070870774122608 0.21070870774122608
